params <- c(
  bw = 0.35,
  qcc = 6.6,
  vbldc = 0.074,
  hct = 0.42,
  vlivc = 0.0387,
  vspfc = 0.6925,
  vrpfc = 0.0647,
  qlivc = 0.183,
  qspfc = 0.23,
  qrpfc = 0.58,
  uclmet = 0.1,#/h
  #gfr = 0.1305,
  vurinec = 0.012 #L/kg/day
)